0 0.9 2340 4800
1 0.2 300 360
2 0.5 600 760
3 0.7 1020 1440
4 0.2 300 360
5 0.7 1020 1440
6 0.6 780 1000
7 1 5000 43760
8 0.3 380 460
9 0.6 780 1000
10 0.2 300 360
11 0.5 600 760
12 0.9 2340 4800
13 1 5000 43760
14 0.8 1460 2320
15 0.2 300 360
16 0.1 260 280
17 0.9 2340 4800
18 0.5 600 760
19 0.2 300 360
20 0.9 2340 4800
21 0.4 480 580
22 1 5000 43760
23 0.4 480 580
24 0.1 260 280
25 0.1 260 280
26 0.2 300 360
27 0.5 600 760
28 1 5000 43760
29 0.1 260 280
30 0.8 1460 2320
31 0.4 480 580
32 0.9 2340 4800
33 0.2 300 360
34 0.5 600 760
35 0.6 780 1000
36 0.1 260 280
37 0.3 380 460
38 0.2 300 360
39 0.5 600 760
40 0.4 480 580
41 1 5000 43760
42 0.6 780 1000
43 0.8 1460 2320
44 0.7 1020 1440
45 0.8 1460 2320
46 0.1 260 280
47 0.5 600 760
48 0.7 1020 1440
49 0.2 300 360
50 0.4 480 580
51 0.8 1460 2320
52 0.9 2340 4800
53 0.5 600 760
54 0.2 300 360
55 1 5000 43760
56 0.7 1020 1440
57 0.5 600 760
58 0.2 300 360
59 0.4 480 580
60 0.6 780 1000
61 0.3 380 460
62 0.9 2340 4800
63 0.7 1020 1440
64 0.9 2340 4800
65 0.7 1020 1440
66 0.1 260 280
67 0.3 380 460
68 0.2 300 360
69 0.6 780 1000
70 0.1 260 280
71 0.3 380 460
72 0.9 2340 4800
73 0.7 1020 1440
74 1 5000 43760
75 0.1 260 280
76 0.2 300 360
77 0.5 600 760
78 0.1 260 280
79 0.9 2340 4800
80 1 5000 43760
81 1 5000 43760
82 0.5 600 760
83 0.1 260 280
84 0.2 300 360
85 0.2 300 360
86 0.8 1460 2320
87 0.6 780 1000
88 0.8 1460 2320
89 0.2 300 360
90 0.4 480 580
91 0.4 480 580
92 0.3 380 460
93 0.6 780 1000
94 0.7 1020 1440
95 0.4 480 580
96 0.7 1020 1440
97 0.7 1020 1440
98 0.1 260 280
99 0.3 380 460
100 0.7 1020 1440
101 0.8 1460 2320
102 0.4 480 580
103 0.7 1020 1440
104 1 5000 43760
105 0.8 1460 2320
106 0.2 300 360
107 0.6 780 1000
108 0.5 600 760
109 0.4 480 580
110 0.2 300 360
111 0.8 1460 2320
112 0.6 780 1000
113 0.3 380 460
114 0.6 780 1000
115 1 5000 43760
116 0.9 2340 4800
117 0.6 780 1000
118 1 5000 43760
119 0.4 480 580
120 0.9 2340 4800
121 0.1 260 280
122 0.5 600 760
123 0.5 600 760
124 0.7 1020 1440
125 0.2 300 360
126 0.9 2340 4800
127 0.5 600 760
128 0.7 1020 1440
129 1 5000 43760
130 1 5000 43760
131 0.8 1460 2320
132 0.7 1020 1440
133 0.7 1020 1440
134 0.2 300 360
135 0.5 600 760
136 0.9 2340 4800
137 0.1 260 280
138 0.2 300 360
139 0.3 380 460
140 0.3 380 460
141 0.5 600 760
142 1 5000 43760
143 0.8 1460 2320
144 0.5 600 760
145 0.3 380 460
146 1 5000 43760
147 0.5 600 760
148 0.8 1460 2320
149 0.2 300 360
150 0.6 780 1000
151 0.7 1020 1440
152 1 5000 43760
153 0.2 300 360
154 0.5 600 760
155 1 5000 43760
156 0.3 380 460
157 0.2 300 360
158 0.8 1460 2320
159 0.8 1460 2320
160 0.1 260 280
161 0.1 260 280
162 0.8 1460 2320
163 0.8 1460 2320
164 0.3 380 460
165 0.4 480 580
166 1 5000 43760
167 0.8 1460 2320
168 0.6 780 1000
169 0.3 380 460
170 0.6 780 1000
171 0.1 260 280
172 0.4 480 580
173 0.1 260 280
174 0.3 380 460
175 0.7 1020 1440
176 1 5000 43760
177 0.8 1460 2320
178 0.3 380 460
179 0.8 1460 2320
180 0.6 780 1000
181 0.5 600 760
182 0.7 1020 1440
183 0.8 1460 2320
184 1 5000 43760
185 0.3 380 460
186 0.4 480 580
187 0.1 260 280
188 1 5000 43760
189 0.5 600 760
190 0.7 1020 1440
191 0.6 780 1000
192 0.5 600 760
193 0.6 780 1000
194 0.3 380 460
195 0.7 1020 1440
196 0.8 1460 2320
197 0.7 1020 1440
198 0.7 1020 1440
199 0.1 260 280
200 0.6 780 1000
201 0.3 380 460
202 0.3 380 460
203 0.9 2340 4800
204 0.5 600 760
205 0.8 1460 2320
206 0.6 780 1000
207 0.6 780 1000
208 0.3 380 460
209 0.2 300 360
210 0.8 1460 2320
211 1 5000 43760
212 1 5000 43760
213 0.9 2340 4800
214 0.1 260 280
215 0.8 1460 2320
216 1 5000 43760
217 0.8 1460 2320
218 0.2 300 360
219 0.7 1020 1440
220 0.5 600 760
221 0.8 1460 2320
222 0.3 380 460
223 1 5000 43760
224 0.1 260 280
225 0.5 600 760
226 0.9 2340 4800
227 1 5000 43760
228 0.7 1020 1440
229 0.2 300 360
230 0.7 1020 1440
231 0.4 480 580
232 0.3 380 460
233 0.3 380 460
234 0.4 480 580
235 0.9 2340 4800
236 0.5 600 760
237 0.4 480 580
238 0.9 2340 4800
239 0.6 780 1000
240 0.5 600 760
241 0.9 2340 4800
242 0.6 780 1000
243 0.7 1020 1440
244 0.7 1020 1440
245 0.3 380 460
246 0.6 780 1000
247 0.8 1460 2320
248 1 5000 43760
249 0.4 480 580
250 0.7 1020 1440
251 0.9 2340 4800
252 0.6 780 1000
253 0.4 480 580
254 0.6 780 1000
255 0.9 2340 4800
256 0.5 600 760
257 0.8 1460 2320
258 0.7 1020 1440
259 0.9 2340 4800
260 0.2 300 360
261 0.6 780 1000
262 0.3 380 460
263 0.4 480 580
264 0.1 260 280
265 0.3 380 460
266 0.4 480 580
267 0.6 780 1000
268 0.7 1020 1440
269 0.6 780 1000
270 0.7 1020 1440
271 0.1 260 280
272 0.4 480 580
273 0.1 260 280
274 0.2 300 360
275 0.8 1460 2320
276 0.3 380 460
277 0.2 300 360
278 0.8 1460 2320
279 0.8 1460 2320
280 0.4 480 580
281 0.9 2340 4800
282 0.7 1020 1440
283 0.3 380 460
284 0.6 780 1000
285 0.5 600 760
286 1 5000 43760
287 0.5 600 760
288 0.8 1460 2320
289 0.5 600 760
290 0.5 600 760
291 0.8 1460 2320
292 0.1 260 280
293 0.7 1020 1440
294 0.5 600 760
295 0.5 600 760
296 0.2 300 360
297 0.8 1460 2320
298 0.7 1020 1440
299 0.2 300 360
300 0.4 480 580
301 0.2 300 360
302 0.2 300 360
303 0.3 380 460
304 0.3 380 460
305 0.2 300 360
306 0.8 1460 2320
307 0.9 2340 4800
308 0.2 300 360
309 0.9 2340 4800
310 0.4 480 580
311 0.8 1460 2320
312 0.6 780 1000
313 0.2 300 360
314 0.5 600 760
315 0.2 300 360
316 0.7 1020 1440
317 0.8 1460 2320
318 1 5000 43760
319 0.9 2340 4800
320 1 5000 43760
321 0.7 1020 1440
322 0.3 380 460
323 0.2 300 360
324 0.1 260 280
325 0.2 300 360
326 0.5 600 760
327 0.5 600 760
328 0.7 1020 1440
329 0.3 380 460
330 0.7 1020 1440
331 0.7 1020 1440
332 0.9 2340 4800
333 0.5 600 760
334 1 5000 43760
335 0.9 2340 4800
336 0.2 300 360
337 0.4 480 580
338 0.4 480 580
339 0.4 480 580
340 0.5 600 760
341 0.6 780 1000
342 0.6 780 1000
343 0.6 780 1000
344 0.9 2340 4800
345 0.5 600 760
346 0.2 300 360
347 0.2 300 360
348 0.4 480 580
349 1 5000 43760
350 0.8 1460 2320
351 0.3 380 460
352 0.7 1020 1440
353 0.8 1460 2320
354 1 5000 43760
355 0.2 300 360
356 0.5 600 760
357 0.2 300 360
358 0.4 480 580
359 0.3 380 460
360 0.6 780 1000
361 0.5 600 760
362 0.2 300 360
363 0.2 300 360
364 0.9 2340 4800
365 0.9 2340 4800
366 0.4 480 580
367 1 5000 43760
368 1 5000 43760
369 1 5000 43760
370 0.7 1020 1440
371 0.3 380 460
372 0.6 780 1000
373 1 5000 43760
374 0.5 600 760
375 0.8 1460 2320
376 0.8 1460 2320
377 0.2 300 360
378 0.3 380 460
379 0.1 260 280
380 0.7 1020 1440
381 0.3 380 460
382 0.8 1460 2320
383 0.9 2340 4800
384 0.6 780 1000
385 0.6 780 1000
386 0.7 1020 1440
387 0.5 600 760
388 0.8 1460 2320
389 1 5000 43760
390 0.8 1460 2320
391 0.3 380 460
392 0.7 1020 1440
393 1 5000 43760
394 0.3 380 460
395 0.3 380 460
396 0.3 380 460
397 0.6 780 1000
398 0.7 1020 1440
399 0.9 2340 4800
400 0.6 780 1000
401 0.2 300 360
402 0.3 380 460
403 0.9 2340 4800
404 0.3 380 460
405 0.7 1020 1440
406 0.4 480 580
407 0.9 2340 4800
408 0.4 480 580
409 0.9 2340 4800
410 1 5000 43760
411 0.3 380 460
412 0.9 2340 4800
413 0.2 300 360
414 0.8 1460 2320
415 0.8 1460 2320
416 1 5000 43760
417 0.8 1460 2320
418 0.6 780 1000
419 0.1 260 280
420 0.8 1460 2320
421 0.3 380 460
422 0.2 300 360
423 0.6 780 1000
424 0.3 380 460
425 0.3 380 460
426 0.5 600 760
427 1 5000 43760
428 0.9 2340 4800
429 0.4 480 580
430 1 5000 43760
431 0.4 480 580
432 0.3 380 460
433 0.5 600 760
434 0.1 260 280
435 0.6 780 1000
436 0.9 2340 4800
437 0.3 380 460
438 0.2 300 360
439 0.4 480 580
440 0.9 2340 4800
441 0.8 1460 2320
442 0.8 1460 2320
443 0.7 1020 1440
444 0.5 600 760
445 0.9 2340 4800
446 0.4 480 580
447 0.5 600 760
448 0.2 300 360
449 0.4 480 580
450 0.9 2340 4800
451 0.3 380 460
452 0.5 600 760
453 0.2 300 360
454 0.5 600 760
455 0.2 300 360
456 0.2 300 360
457 0.2 300 360
458 0.5 600 760
459 0.5 600 760
460 0.2 300 360
461 0.2 300 360
462 0.9 2340 4800
463 0.2 300 360
464 0.2 300 360
465 0.4 480 580
466 0.1 260 280
467 0.3 380 460
468 0.5 600 760
469 0.1 260 280
470 0.6 780 1000
471 0.6 780 1000
472 0.1 260 280
473 0.8 1460 2320
474 0.4 480 580
475 0.9 2340 4800
476 0.4 480 580
477 0.8 1460 2320
478 0.9 2340 4800
479 0.7 1020 1440
480 0.2 300 360
481 0.6 780 1000
482 0.2 300 360
483 0.9 2340 4800
484 1 5000 43760
485 0.3 380 460
486 0.6 780 1000
487 0.3 380 460
488 0.8 1460 2320
489 0.7 1020 1440
490 0.4 480 580
491 1 5000 43760
492 0.4 480 580
493 0.4 480 580
494 0.8 1460 2320
495 0.5 600 760
496 0.9 2340 4800
497 0.6 780 1000
498 0.2 300 360
499 0.6 780 1000
500 0.3 380 460
501 0.4 480 580
502 0.9 2340 4800
503 0.6 780 1000
504 1 5000 43760
505 0.2 300 360
506 0.3 380 460
507 0.6 780 1000
508 1 5000 43760
509 0.6 780 1000
510 0.2 300 360
511 0.4 480 580
512 0.5 600 760
513 0.1 260 280
514 0.7 1020 1440
515 0.5 600 760
516 0.8 1460 2320
517 0.1 260 280
518 1 5000 43760
519 0.3 380 460
520 0.7 1020 1440
521 0.2 300 360
522 0.2 300 360
523 0.4 480 580
524 0.5 600 760
525 1 5000 43760
526 0.7 1020 1440
527 1 5000 43760
528 0.4 480 580
529 0.9 2340 4800
530 0.9 2340 4800
531 0.1 260 280
532 0.4 480 580
533 1 5000 43760
534 0.3 380 460
535 0.5 600 760
536 0.4 480 580
537 0.8 1460 2320
538 0.4 480 580
539 0.2 300 360
540 0.1 260 280
541 0.3 380 460
542 1 5000 43760
543 0.9 2340 4800
544 0.8 1460 2320
545 0.6 780 1000
546 0.8 1460 2320
547 0.3 380 460
548 1 5000 43760
549 0.9 2340 4800
550 0.7 1020 1440
551 0.3 380 460
552 0.3 380 460
553 0.2 300 360
554 0.2 300 360
555 1 5000 43760
556 1 5000 43760
557 0.7 1020 1440
558 0.2 300 360
559 0.4 480 580
560 0.7 1020 1440
561 0.3 380 460
562 0.4 480 580
563 0.8 1460 2320
564 0.8 1460 2320
565 0.5 600 760
566 0.5 600 760
567 0.2 300 360
568 0.2 300 360
569 0.8 1460 2320
570 0.3 380 460
571 0.1 260 280
572 0.5 600 760
573 0.9 2340 4800
574 0.4 480 580
575 0.2 300 360
576 1 5000 43760
577 0.2 300 360
578 0.9 2340 4800
579 0.6 780 1000
580 0.7 1020 1440
581 0.3 380 460
582 0.8 1460 2320
583 0.3 380 460
584 0.9 2340 4800
585 0.4 480 580
586 0.4 480 580
587 0.5 600 760
588 0.2 300 360
589 0.5 600 760
590 0.7 1020 1440
591 1 5000 43760
592 1 5000 43760
593 0.6 780 1000
594 0.6 780 1000
595 0.2 300 360
596 0.8 1460 2320
597 0.4 480 580
598 0.9 2340 4800
599 0.1 260 280
600 0.4 480 580
601 1 5000 43760
602 0.9 2340 4800
603 0.8 1460 2320
604 1 5000 43760
605 0.4 480 580
606 0.3 380 460
607 0.4 480 580
608 1 5000 43760
609 0.7 1020 1440
610 0.4 480 580
611 0.1 260 280
612 0.3 380 460
613 0.5 600 760
614 0.4 480 580
615 0.9 2340 4800
616 0.9 2340 4800
617 0.1 260 280
618 0.4 480 580
619 0.2 300 360
620 0.7 1020 1440
621 0.1 260 280
622 0.5 600 760
623 0.5 600 760
624 0.5 600 760
625 0.6 780 1000
626 0.2 300 360
627 0.4 480 580
628 0.2 300 360
629 0.3 380 460
630 0.9 2340 4800
631 0.2 300 360
632 0.9 2340 4800
633 1 5000 43760
634 0.4 480 580
635 0.6 780 1000
636 0.4 480 580
637 0.8 1460 2320
638 1 5000 43760
639 0.4 480 580
640 0.5 600 760
641 0.6 780 1000
642 0.9 2340 4800
643 0.1 260 280
644 0.3 380 460
645 0.2 300 360
646 0.2 300 360
647 0.8 1460 2320
648 0.1 260 280
649 0.7 1020 1440
650 0.6 780 1000
651 0.3 380 460
652 0.5 600 760
653 0.8 1460 2320
654 0.7 1020 1440
655 1 5000 43760
656 0.3 380 460
657 0.9 2340 4800
658 0.4 480 580
659 0.8 1460 2320
660 1 5000 43760
661 1 5000 43760
662 0.4 480 580
663 0.9 2340 4800
664 0.2 300 360
665 0.3 380 460
666 0.6 780 1000
667 0.6 780 1000
668 0.8 1460 2320
669 0.7 1020 1440
670 0.6 780 1000
671 0.7 1020 1440
672 0.6 780 1000
673 0.2 300 360
674 0.1 260 280
675 0.1 260 280
676 0.9 2340 4800
677 0.3 380 460
678 0.8 1460 2320
679 0.7 1020 1440
680 0.2 300 360
681 0.2 300 360
682 0.6 780 1000
683 0.6 780 1000
684 0.1 260 280
685 1 5000 43760
686 0.3 380 460
687 0.9 2340 4800
688 0.9 2340 4800
689 0.1 260 280
690 0.8 1460 2320
691 0.9 2340 4800
692 0.5 600 760
693 0.8 1460 2320
694 0.7 1020 1440
695 0.5 600 760
696 0.9 2340 4800
697 0.2 300 360
698 0.5 600 760
699 0.1 260 280
700 1 5000 43760
701 1 5000 43760
702 0.1 260 280
703 0.5 600 760
704 0.8 1460 2320
705 1 5000 43760
706 0.2 300 360
707 0.4 480 580
708 0.8 1460 2320
709 0.4 480 580
710 0.5 600 760
711 0.6 780 1000
712 0.1 260 280
713 0.8 1460 2320
714 1 5000 43760
715 0.5 600 760
716 0.6 780 1000
717 0.8 1460 2320
718 0.7 1020 1440
719 0.4 480 580
720 1 5000 43760
721 0.8 1460 2320
722 0.6 780 1000
723 0.7 1020 1440
724 0.4 480 580
725 0.4 480 580
726 1 5000 43760
727 0.5 600 760
728 1 5000 43760
729 1 5000 43760
730 0.2 300 360
731 0.9 2340 4800
732 0.9 2340 4800
733 0.3 380 460
734 0.7 1020 1440
735 0.5 600 760
736 0.9 2340 4800
737 0.6 780 1000
738 0.1 260 280
739 0.4 480 580
740 0.8 1460 2320
741 0.5 600 760
742 0.9 2340 4800
743 0.6 780 1000
744 0.2 300 360
745 0.9 2340 4800
746 0.2 300 360
747 0.7 1020 1440
748 0.7 1020 1440
749 0.8 1460 2320
750 0.6 780 1000
751 0.7 1020 1440
752 0.2 300 360
753 0.1 260 280
754 0.1 260 280
755 0.3 380 460
756 0.3 380 460
757 0.1 260 280
758 0.3 380 460
759 0.9 2340 4800
760 1 5000 43760
761 0.2 300 360
762 0.9 2340 4800
763 0.5 600 760
764 0.3 380 460
765 0.8 1460 2320
766 0.7 1020 1440
767 0.9 2340 4800
768 1 5000 43760
769 0.9 2340 4800
770 0.6 780 1000
771 0.7 1020 1440
772 0.7 1020 1440
773 0.7 1020 1440
774 0.5 600 760
775 0.6 780 1000
776 0.2 300 360
777 0.6 780 1000
778 0.6 780 1000
